0.352687 -0.0528887
0 0


0.623243 0.24601
0 0


0.602177 0.621321
0 0


0.299345 0.89743
0 0


-0.143554 0.945145
0 0


-0.519282 0.742138
0 0


-0.652033 0.383398
0 0


-0.47969 0.036785
0 0


-0.0828949 -0.135518
0 0


1.41075 -0.211555
0.352687 -0.0528887


1.41075 -0.211555
2.07713 0.305956


2.07713 0.305956
0.352687 -0.0528887


2.07713 0.305956
0.623243 0.24601


2.07713 0.305956
2.49297 0.984041


2.49297 0.984041
0.623243 0.24601


2.49297 0.984041
2.60813 1.74091


2.60813 1.74091
0.623243 0.24601


2.60813 1.74091
0.602177 0.621321


2.60813 1.74091
2.40871 2.48528


2.40871 2.48528
0.602177 0.621321


2.40871 2.48528
1.91876 3.12737


1.91876 3.12737
0.602177 0.621321


1.91876 3.12737
0.299345 0.89743


1.91876 3.12737
1.19738 3.58972


1.19738 3.58972
0.299345 0.89743


1.19738 3.58972
0.33158 3.81658


0.33158 3.81658
0.299345 0.89743


0.33158 3.81658
-0.143554 0.945145


0.33158 3.81658
-0.574214 3.78058


-0.574214 3.78058
-0.143554 0.945145


-0.574214 3.78058
-1.41075 3.48606


-1.41075 3.48606
-0.143554 0.945145


-1.41075 3.48606
-0.519282 0.742138


-1.41075 3.48606
-2.07713 2.96855


-2.07713 2.96855
-0.519282 0.742138


-2.07713 2.96855
-2.49297 2.29047


-2.49297 2.29047
-0.519282 0.742138


-2.49297 2.29047
-0.652033 0.383398


-2.49297 2.29047
-2.60813 1.53359


-2.60813 1.53359
-0.652033 0.383398


-2.60813 1.53359
-2.40871 0.789224


-2.40871 0.789224
-0.652033 0.383398


-2.40871 0.789224
-0.47969 0.036785


-2.40871 0.789224
-1.91876 0.14714


-1.91876 0.14714
-0.47969 0.036785


-1.91876 0.14714
-1.19738 -0.315215


-1.19738 -0.315215
-0.47969 0.036785


-1.19738 -0.315215
-0.0828949 -0.135518


-1.19738 -0.315215
-0.33158 -0.542073


-0.33158 -0.542073
-0.0828949 -0.135518


-0.33158 -0.542073
0.574214 -0.506072


0.574214 -0.506072
-0.0828949 -0.135518


0.574214 -0.506072
0.352687 -0.0528887


0.574214 -0.506072
1.41075 -0.211555


1.01885 0.607114
1.41075 -0.211555


1.01885 0.607114
0.574214 -0.506072


1.01885 0.607114
2.07713 0.305956


1.80044 1.47058
2.49297 0.984041


1.80044 1.47058
2.07713 0.305956


1.80044 1.47058
2.60813 1.74091


1.73958 2.55478
2.40871 2.48528


1.73958 2.55478
2.60813 1.74091


1.73958 2.55478
1.91876 3.12737


0.864753 3.35241
1.19738 3.58972


0.864753 3.35241
1.91876 3.12737


0.864753 3.35241
0.33158 3.81658


-0.4147 3.49025
-0.574214 3.78058


-0.4147 3.49025
0.33158 3.81658


-0.4147 3.49025
-1.41075 3.48606


-1.50011 2.9038
-2.07713 2.96855


-1.50011 2.9038
-1.41075 3.48606


-1.50011 2.9038
-2.49297 2.29047


-1.8836 1.86747
-2.60813 1.53359


-1.8836 1.86747
-2.49297 2.29047


-1.8836 1.86747
-2.40871 0.789224


-1.38574 0.866164
-1.91876 0.14714


-1.38574 0.866164
-2.40871 0.789224


-1.38574 0.866164
-1.19738 -0.315215


-0.239468 0.368412
-0.33158 -0.542073


-0.239468 0.368412
-1.19738 -0.315215


-0.239468 0.368412
0.574214 -0.506072


1.09227 1.3948
1.01885 0.607114


1.09227 1.3948
1.80044 1.47058


1.09227 1.3948
1.37151 2.14938


1.37151 2.14938
1.80044 1.47058


1.37151 2.14938
1.73958 2.55478


1.37151 2.14938
1.00899 2.87846


1.00899 2.87846
1.73958 2.55478


1.00899 2.87846
0.864753 3.35241


1.00899 2.87846
0.174364 3.24088


0.174364 3.24088
0.864753 3.35241


0.174364 3.24088
-0.4147 3.49025


0.174364 3.24088
-0.741854 3.06708


-0.741854 3.06708
-0.4147 3.49025


-0.741854 3.06708
-1.50011 2.9038


-0.741854 3.06708
-1.31095 2.43837


-1.31095 2.43837
-1.50011 2.9038


-1.31095 2.43837
-1.8836 1.86747


-1.31095 2.43837
-1.26664 1.64893


-1.26664 1.64893
-1.8836 1.86747


-1.26664 1.64893
-1.38574 0.866164


-1.26664 1.64893
-0.629652 1.06815


-0.629652 1.06815
-1.38574 0.866164


-0.629652 1.06815
-0.239468 0.368412


-0.629652 1.06815
0.301955 0.967785


0.301955 0.967785
-0.239468 0.368412


0.301955 0.967785
1.01885 0.607114


0.301955 0.967785
1.09227 1.3948


